frame x y
1 302 210
2 300 213
3 298 218
4 295 221
5 293 223
6 292 224
7 291 226
8 290 227
9 288 230
10 286 232
11 286 232
12 284 235
13 282 236
14 281 239
15 280 240
16 279 242
17 278 243
18 276 245
19 275 247
20 275 249
21 274 250
22 273 251
23 272 252
24 271 253
25 270 254
26 270 255
27 269 256
28 268 258
29 267 259
30 266 259
31 264 262
32 264 263
33 263 264
34 262 265
35 262 266
36 261 267
37 260 269
38 259 270
39 258 272
40 257 273
41 256 274
42 256 275
43 255 276
44 255 277
45 254 278
46 253 279
47 252 280
48 251 282
49 250 283
50 249 284
51 248 286
52 247 287
53 247 288
54 246 289
55 245 290
56 243 292
57 243 293
58 242 294
59 241 296
60 240 297
61 239 299
62 237 302
63 236 303
64 235 304
65 234 305
66 234 306
67 233 307
68 232 308
69 231 309
70 231 310
71 230 313
72 229 314
73 227 315
74 227 316
75 226 317
76 225 318
77 225 319
78 224 320
79 223 321
80 222 322
81 221 323
82 220 325
83 220 326
84 219 327
85 217 329
86 217 330
87 216 331
88 215 332
89 215 333
90 215 333
91 215 333
92 215 332
93 216 330
94 217 329
95 218 328
96 219 327
97 219 326
98 219 325
99 219 325
100 219 325
101 220 325
102 221 325
103 221 325
104 221 325
105 221 325
106 222 325
107 222 325
108 222 325
109 222 325
110 223 325
111 224 325
112 224 325
113 225 325
114 225 325
115 226 325
116 226 325
117 226 325
118 226 325
119 226 324
120 226 324
121 229 324
122 232 324
123 233 324
124 235 324
125 236 324
126 239 324
127 240 324
128 242 324
129 243 324
130 244 324
131 245 325
132 247 325
133 248 325
134 249 325
135 250 325
136 251 325
137 254 326
138 256 326
139 257 326
140 259 327
141 262 327
142 263 327
143 264 327
144 267 327
145 268 327
146 269 327
147 271 328
148 274 328
149 275 328
150 276 328
151 278 328
152 279 328
153 282 328
154 283 328
155 285 329
156 287 329
157 288 329
158 291 329
159 292 329
160 293 329
161 294 329
162 295 329
163 296 329
164 299 330
165 300 330
166 301 330
167 303 331
168 304 331
169 306 331
170 307 331
171 308 331
172 309 331
173 312 331
174 313 331
175 314 331
176 316 332
177 319 333
178 322 333
179 324 333
180 326 333
181 330 333
182 331 333
183 333 333
184 334 333
185 336 333
186 337 333
187 339 333
188 341 333
189 342 334
190 343 334
191 345 334
192 346 334
193 347 334
194 349 334
195 352 335
196 353 335
197 355 335
198 358 335
199 359 335
200 361 335
201 362 335
202 364 336
203 366 336
204 368 336
205 369 336
206 370 336
207 372 336
208 373 336
209 374 336
210 376 336
211 377 336
212 379 336
213 380 336
214 384 337
215 387 337
216 389 338
217 390 338
218 391 338
219 392 338
220 394 338
221 396 338
222 397 338
223 398 338
224 400 338
225 401 338
226 404 339
227 406 339
228 407 339
229 409 339
230 412 339
231 414 339
232 416 339
233 417 339
234 418 339
235 420 340
236 423 340
237 424 340
238 426 340
239 427 340
240 428 340
241 430 340
242 433 341
243 434 341
244 435 341
245 437 341
246 438 341
247 440 341
248 442 341
249 445 341
250 446 341
251 448 341
252 450 341
253 452 341
254 454 341
255 455 341
256 457 341
257 459 341
258 461 341
259 462 341
260 463 341
261 464 341
262 469 341
263 472 341
264 474 341
265 475 342
266 477 342
267 480 343
268 483 343
269 485 343
270 487 343
271 489 343
272 490 343
273 493 343
274 494 343
275 496 343
276 497 343
277 499 343
278 501 343
279 503 343
280 503 343
281 500 343
282 500 343
283 498 343
284 497 343
285 496 343
286 495 343
287 494 343
288 493 343
289 493 343
290 493 343
291 493 343
292 493 343
293 493 343
294 493 343
295 492 343
296 492 343
297 492 342
298 492 342
299 492 341
300 492 340
301 491 340
302 491 340
303 491 340
304 490 340
305 490 340
306 489 339
307 489 339
308 488 339
309 488 339
310 488 339
311 488 339
312 487 338
313 486 336
314 485 335
315 484 333
316 484 332
317 482 330
318 482 329
319 481 328
320 480 326
321 480 325
322 478 322
323 477 321
324 477 320
325 475 316
326 474 314
327 474 314
328 474 312
329 473 311
330 473 310
331 471 307
332 471 306
333 471 305
334 470 302
335 469 301
336 468 301
337 468 299
338 467 297
339 466 296
340 466 295
341 465 294
342 463 291
343 463 290
344 462 289
345 461 288
346 460 286
347 460 285
348 459 282
349 459 281
350 459 280
351 458 279
352 457 276
353 456 275
354 456 274
355 455 273
356 455 272
357 454 270
358 453 269
359 452 268
360 452 266
361 451 266
362 450 265
363 448 262
364 448 261
365 447 260
366 446 259
367 446 257
368 445 255
369 445 254
370 443 253
371 442 251
372 442 250
373 441 249
374 439 247
375 439 246
376 438 245
377 436 243
378 436 241
379 435 240
380 434 238
381 434 237
382 433 236
383 432 234
384 431 233
385 429 230
386 428 228
387 428 226
388 427 224
389 426 222
390 424 219
391 423 217
392 423 216
393 422 215
394 422 213
395 421 211
396 421 210
397 419 210
398 417 209
399 416 208
400 416 206
401 416 205
402 415 204
403 415 203
404 413 200
405 412 199
406 411 196
407 410 193
408 410 192
409 409 190
410 409 189
411 408 188
412 407 187
413 406 185
414 406 183
415 403 181
416 403 180
417 402 179
418 402 177
419 401 176
420 401 176
421 400 175
422 400 174
423 400 173
424 398 171
425 398 170
426 396 168
427 396 167
428 395 166
429 395 165
430 394 164
431 392 160
432 390 158
433 388 155
434 388 154
435 388 152
436 387 151
437 387 150
438 386 149
439 385 148
440 382 145
441 381 144
442 380 143
443 380 143
444 380 142
445 379 141
446 378 140
447 377 139
448 377 138
449 375 135
450 374 135
451 373 133
452 372 132
453 372 131
454 368 127
455 368 127
456 368 126
457 367 125
458 366 123
459 365 121
460 364 120
461 363 119
462 362 118
463 362 117
464 361 116
465 361 116
466 360 115
467 358 113
468 357 112
469 356 110
470 355 109
471 354 107
472 353 105
473 352 104
474 351 103
475 350 100
476 350 98
477 348 96
478 347 94
479 347 93
480 346 92
481 345 89
482 344 88
483 343 87
484 342 87
485 340 84
486 340 84
487 338 82
488 337 79
489 337 79
490 336 79
491 335 79
492 335 78
493 335 78
494 335 78
495 336 79
496 337 80
497 338 81
498 338 81
499 339 81
500 339 81
501 339 81
502 339 81
503 339 81
504 339 82
505 339 82
506 339 82
507 339 82
508 339 82
509 339 83
510 339 83
511 338 83
512 338 84
513 338 85
514 338 85
515 338 85
516 338 85
517 338 85
518 338 85
519 338 86
520 338 86
521 338 86
522 338 86
523 338 86
524 338 86
525 338 86
526 338 87
527 337 88
528 336 90
529 335 90
530 332 92
531 331 95
532 331 96
533 328 98
534 327 100
535 326 102
536 325 105
537 324 108
538 324 110
539 323 111
540 322 113
541 322 113
542 321 114
543 320 115
544 319 116
545 319 117
546 318 117
547 317 118
548 315 119
549 315 119
550 314 120
551 312 121
552 311 123
553 311 124
554 309 125
555 308 127
556 306 129
557 306 130
558 306 131
559 305 132
560 304 134
561 303 136
562 303 136
563 302 138
564 301 139
565 300 140
566 300 141
567 298 142
568 298 144
569 296 146
570 295 147
571 295 148
572 294 151
573 293 152
574 292 153
575 291 154
576 289 155
577 288 156
578 288 157
579 287 158
580 286 159
581 285 161
582 284 162
583 284 163
584 283 165
585 282 166
586 281 167
587 280 168
588 279 170
589 278 171
590 278 172
591 276 175
592 276 177
593 275 178
594 275 180
595 273 181
596 271 182
597 270 184
598 269 186
599 268 187
600 267 189
601 267 190
602 265 192
603 263 194
604 262 196
605 261 197
606 260 198
607 259 200
608 258 201
609 258 202
610 258 203
611 256 206
612 255 207
613 255 208
614 252 209
615 252 210
616 250 212
617 249 215
618 248 216
619 248 218
620 246 219
621 246 220
622 245 221
623 243 224
624 242 225
625 242 226
626 240 228
627 240 229
628 238 231
629 237 233
630 237 234
631 235 236
632 234 237
633 233 239
634 232 240
635 232 242
636 230 244
637 229 245
638 228 247
639 228 248
640 226 250
641 225 251
642 224 254
643 224 255
644 223 256
645 222 258
646 221 259
647 219 261
648 218 262
649 217 265
650 216 266
651 215 267
652 214 269
653 213 270
654 213 271
655 210 273
656 209 276
657 208 278
658 207 280
659 207 280
660 205 283
661 204 284
662 204 285
663 202 287
664 202 288
665 200 290
666 199 292
667 198 294
668 198 295
669 197 297
670 195 298
671 195 300
672 193 302
673 192 303
674 191 304
675 191 306
676 189 307
677 189 309
678 187 312
679 187 312
680 186 313
681 185 315
682 183 317
683 183 318
684 182 319
685 181 321
686 180 323
687 179 324
688 178 326
689 177 327
690 176 328
691 175 331
692 175 332
693 174 333
694 174 333
695 174 333
696 174 333
697 175 331
698 176 330
699 177 329
700 177 327
701 178 326
702 178 325
703 178 325
704 178 325
705 179 325
706 179 325
707 180 325
708 180 325
709 180 325
710 180 325
711 181 325
712 181 326
713 182 326
714 183 326
715 184 326
716 184 326
717 184 326
718 184 326
719 184 326
720 185 325
721 185 325
722 185 325
723 188 325
724 190 325
725 192 325
726 194 325
727 196 325
728 200 325
729 203 325
730 204 325
731 207 325
732 209 325
733 211 325
734 212 325
735 215 326
736 218 326
737 221 326
738 224 326
739 227 326
740 230 326
741 232 327
742 234 327
743 235 327
744 238 327
745 239 327
746 241 327
747 244 328
748 245 328
749 246 328
750 248 328
751 250 328
752 252 328
753 255 328
754 256 328
755 259 328
756 261 329
757 263 329
758 265 329
759 266 329
760 269 329
761 271 329
762 274 330
763 275 330
764 278 330
765 279 330
766 282 330
767 283 330
768 286 331
769 287 331
770 289 331
771 291 331
772 292 331
773 294 331
774 296 331
775 297 331
776 299 331
777 301 331
778 302 331
779 304 331
780 305 331
781 308 331
782 309 331
783 310 332
784 312 332
785 314 332
786 315 332
787 319 332
788 321 332
789 326 333
790 327 333
791 329 333
792 332 333
793 334 333
794 337 333
795 338 333
796 339 333
797 342 333
798 344 333
799 346 333
800 347 333
801 349 333
802 352 334
803 354 334
804 355 334
805 358 334
806 359 334
807 361 334
808 363 334
809 365 334
810 368 335
811 369 335
812 373 335
813 375 335
814 379 335
815 384 336
816 386 336
817 388 336
818 390 336
819 392 336
820 394 336
821 396 336
822 399 336
823 401 336
824 403 336
825 405 336
826 407 336
827 410 336
828 411 336
829 414 336
830 415 336
831 418 336
832 420 336
833 421 336
834 424 337
835 425 337
836 428 337
837 429 337
838 432 337
839 434 337
840 435 337
841 438 337
842 439 337
843 441 337
844 443 337
845 446 337
846 447 337
847 450 337
848 451 337
849 454 337
850 455 337
851 456 337
852 459 337
853 462 337
854 464 337
855 465 337
856 468 337
857 469 337
858 472 337
859 474 337
860 476 338
861 477 338
862 479 338
863 481 338
864 484 338
865 485 338
866 488 338
867 490 338
868 492 338
869 495 338
870 496 338
871 499 338
872 501 338
873 502 338
874 505 338
875 506 338
876 504 338
877 503 338
878 501 338
879 499 338
880 498 338
881 495 338
882 494 338
883 494 338
884 494 338
885 494 338
886 494 338
887 494 338
888 494 337
889 494 337
890 494 337
891 493 336
892 493 336
893 493 335
894 493 335
895 493 335
896 492 334
897 491 334
898 490 333
899 489 333
900 489 333
901 488 333
902 488 333
903 488 333
904 487 332
905 487 331
906 485 328
907 485 327
908 483 325
909 483 324
910 482 323
911 481 320
912 480 319
913 479 317
914 478 315
915 477 313
916 477 312
917 475 309
918 474 308
919 473 306
920 472 303
921 471 300
922 470 298
923 470 297
924 469 295
925 469 293
926 467 292
927 467 290
928 466 288
929 464 286
930 464 284
931 464 283
932 463 280
933 463 279
934 460 275
935 458 272
936 456 270
937 455 268
938 454 265
939 454 264
940 452 262
941 452 261
942 451 259
943 450 258
944 448 257
945 447 254
946 447 252
947 446 250
948 445 250
949 444 247
950 443 246
951 442 244
952 442 243
953 441 242
954 440 239
955 439 238
956 437 236
957 436 235
958 436 233
959 435 231
960 434 230
961 433 228
962 432 225
963 431 224
964 431 223
965 429 221
966 429 219
967 428 217
968 427 215
969 426 213
970 425 212
971 424 210
972 423 210
973 421 207
974 420 206
975 420 205
976 419 203
977 419 202
978 417 199
979 417 198
980 416 195
981 416 195
982 414 192
983 413 191
984 413 189
985 411 187
986 410 185
987 408 183
988 408 181
989 406 179
990 406 178
991 405 177
992 404 176
993 404 173
994 403 171
995 403 171
996 403 170
997 402 169
998 401 167
999 401 167
1000 399 164
1001 396 161
1002 394 158
1003 393 157
1004 391 154
1005 389 152
1006 389 151
1007 389 149
1008 388 147
1009 386 144
1010 384 143
1011 384 142
1012 382 140
1013 382 139
1014 380 136
1015 380 134
1016 378 132
1017 377 131
1018 376 130
1019 375 128
1020 374 126
1021 372 125
1022 372 124
1023 370 122
1024 370 121
1025 368 119
1026 367 119
1027 366 117
1028 365 117
1029 365 116
1030 364 115
1031 364 114
1032 362 111
1033 361 109
1034 359 107
1035 358 106
1036 357 104
1037 356 102
1038 354 100
1039 354 97
1040 353 94
1041 353 93
1042 352 91
1043 351 90
1044 350 90
1045 350 89
1046 348 85
1047 347 84
1048 345 81
1049 344 80
1050 344 79
1051 344 79
1052 343 79
1053 343 79
1054 343 79
1055 343 79
1056 343 80
1057 343 80
1058 343 81
1059 344 81
1060 344 81
1061 344 81
1062 344 81
1063 344 81
1064 344 82
1065 344 82
1066 344 83
1067 344 84
1068 344 84
1069 344 85
1070 344 85
1071 344 86
1072 344 86
1073 344 87
1074 343 87
1075 343 87
1076 343 90
1077 343 90
1078 343 90
1079 343 90
1080 343 90
1081 342 93
1082 342 94
1083 340 95
1084 339 96
1085 338 98
1086 338 99
1087 336 100
1088 335 102
1089 334 104
1090 334 105
1091 332 110
1092 332 112
1093 331 113
1094 330 113
1095 328 115
1096 328 115
1097 326 117
1098 325 117
1099 324 118
1100 324 119
1101 323 121
1102 322 122
1103 321 124
1104 320 125
1105 318 127
1106 317 128
1107 315 130
1108 314 131
1109 312 132
1110 312 133
1111 310 135
1112 309 136
1113 308 139
1114 307 140
1115 306 142
1116 305 143
1117 304 145
1118 303 146
1119 302 148
1120 300 150
1121 299 151
1122 298 153
1123 296 156
1124 296 157
1125 295 159
1126 294 160
1127 292 162
1128 292 163
1129 291 165
1130 290 166
1131 288 167
1132 287 169
1133 285 171
1134 284 173
1135 283 174
1136 282 177
1137 280 179
1138 279 181
1139 278 182
1140 277 184
1141 276 185
1142 275 188
1143 274 189
1144 273 191
1145 272 192
1146 270 194
1147 269 196
1148 268 198
1149 267 200
1150 266 201
1151 264 203
1152 263 204
1153 262 206
1154 261 208
1155 260 209
1156 259 212
1157 258 213
1158 257 215
1159 256 216
1160 255 218
1161 254 220
1162 253 221
1163 250 223
1164 250 224
1165 248 227
1166 247 229
1167 246 231
1168 245 233
1169 244 234
1170 242 236
1171 241 239
1172 240 241
1173 238 243
1174 237 245
1175 236 247
1176 234 248
1177 234 250
1178 233 251
1179 231 253
1180 231 255
1181 229 257
1182 229 258
1183 228 259
1184 226 262
1185 226 263
1186 224 265
1187 224 267
1188 222 268
1189 221 271
1190 220 272
1191 218 274
1192 218 275
1193 216 278
1194 215 279
1195 213 281
1196 213 282
1197 212 285
1198 211 286
1199 210 288
1200 208 290
1201 208 291
1202 206 294
1203 206 295
1204 204 297
1205 204 298
1206 201 301
1207 199 305
1208 198 307
1209 197 309
1210 196 310
1211 195 312
1212 194 314
1213 192 316
1214 191 317
1215 190 320
1216 189 322
1217 188 323
1218 186 325
1219 185 327
1220 184 329
1221 184 330
1222 183 333
1223 181 335
1224 181 335
1225 181 335
1226 181 335
1227 182 333
1228 182 332
1229 184 330
1230 185 328
1231 186 327
1232 186 327
1233 186 327
1234 186 327
1235 186 327
1236 186 327
1237 187 327
1238 187 327
1239 188 327
1240 188 327
1241 190 327
1242 190 327
1243 191 327
1244 192 327
1245 192 327
1246 192 327
1247 192 327
1248 193 326
1249 193 326
1250 193 326
1251 195 326
1252 197 326
1253 200 326
1254 204 326
1255 205 326
1256 208 326
1257 210 326
1258 211 326
1259 216 327
1260 217 327
1261 220 327
1262 222 327
1263 224 327
1264 227 327
1265 228 327
1266 231 327
1267 233 327
1268 235 327
1269 237 328
1270 239 328
1271 241 328
1272 244 328
1273 245 328
1274 248 328
1275 250 328
1276 252 328
1277 254 329
1278 255 329
1279 258 329
1280 262 330
1281 263 330
1282 266 330
1283 268 330
1284 271 330
1285 274 330
1286 275 331
1287 277 331
1288 280 331
1289 281 331
1290 284 331
1291 285 331
1292 288 331
1293 290 331
1294 294 331
1295 296 331
1296 299 331
1297 301 331
1298 304 332
1299 305 332
1300 307 332
1301 309 332
1302 310 332
1303 313 333
1304 315 333
1305 319 333
1306 324 334
1307 328 334
1308 331 334
1309 334 334
1310 336 334
1311 339 334
1312 341 334
1313 344 334
1314 345 334
1315 348 334
1316 351 334
1317 354 334
1318 356 334
1319 360 335
1320 361 335
1321 365 335
1322 370 336
1323 372 336
1324 374 336
1325 376 337
1326 378 337
1327 382 337
1328 384 337
1329 387 337
1330 389 337
1331 391 337
1332 393 337
1333 396 337
1334 397 337
1335 400 337
1336 402 337
1337 404 337
1338 406 337
1339 408 337
1340 410 337
1341 414 337
1342 415 337
1343 418 337
1344 421 337
1345 422 337
1346 425 337
1347 426 337
1348 429 337
1349 433 337
1350 437 337
1351 439 337
1352 442 337
1353 445 337
1354 448 337
1355 451 337
1356 452 337
1357 455 337
1358 458 337
1359 460 337
1360 462 337
1361 464 337
1362 466 337
1363 469 337
1364 472 337
1365 473 337
1366 475 337
1367 478 338
1368 479 338
1369 481 338
1370 484 338
1371 487 338
1372 489 338
1373 492 338
1374 494 338
1375 496 338
1376 499 338
1377 501 338
1378 504 338
1379 506 338
1380 506 338
1381 506 338
1382 504 338
1383 503 338
1384 500 338
1385 498 338
1386 497 339
1387 496 339
1388 496 339
1389 496 339
1390 496 339
1391 495 338
1392 495 337
1393 495 337
1394 495 337
1395 495 336
1396 494 336
1397 494 335
1398 494 335
1399 493 334
1400 492 334
1401 491 334
1402 491 334
1403 491 334
1404 491 334
1405 490 333
1406 489 331
1407 488 329
1408 487 328
1409 485 325
1410 483 323
1411 482 322
1412 481 320
1413 479 317
1414 478 316
1415 477 314
1416 476 312
1417 475 309
1418 474 308
1419 473 305
1420 472 303
1421 471 302
1422 470 300
1423 469 297
1424 468 296
1425 467 294
1426 466 291
1427 465 289
1428 464 288
1429 462 286
1430 461 283
1431 461 282
1432 459 279
1433 458 277
1434 457 276
1435 455 274
1436 454 271
1437 453 270
1438 452 268
1439 451 266
1440 450 265
1441 449 263
1442 447 261
1443 446 259
1444 445 257
1445 444 255
1446 443 254
1447 442 252
1448 440 249
1449 440 248
1450 438 246
1451 438 244
1452 436 241
1453 435 240
1454 435 238
1455 433 237
1456 432 235
1457 431 233
1458 429 229
1459 428 229
1460 427 226
1461 426 224
1462 425 222
1463 424 222
1464 422 219
1465 420 216
1466 420 215
1467 419 213
1468 418 211
1469 417 210
1470 416 207
1471 414 204
1472 411 202
1473 410 200
1474 410 199
1475 408 197
1476 407 195
1477 406 193
1478 405 190
1479 403 188
1480 403 186
1481 402 185
1482 399 182
1483 398 180
1484 397 179
1485 395 176
1486 395 176
1487 393 174
1488 392 173
1489 391 171
1490 391 168
1491 389 165
1492 386 163
1493 384 160
1494 383 157
1495 383 157
1496 380 153
1497 379 151
1498 378 149
1499 376 147
1500 375 145
1501 374 143
1502 373 142
1503 371 140
1504 370 139
1505 369 137
1506 368 135
1507 365 132
1508 365 131
1509 364 128
1510 363 127
1511 362 126
1512 360 124
1513 358 122
1514 358 122
1515 357 120
1516 355 118
1517 354 117
1518 352 115
1519 352 114
1520 349 112
1521 348 110
1522 346 107
1523 344 105
1524 342 102
1525 341 101
1526 339 98
1527 337 96
1528 337 94
1529 335 93
1530 334 92
1531 334 89
1532 333 86
1533 332 84
1534 331 83
1535 330 81
1536 329 79
1537 327 78
1538 327 78
1539 327 79
1540 329 80
1541 330 81
1542 330 82
1543 331 82
1544 331 82
1545 331 83
1546 331 83
1547 331 83
1548 331 84
1549 329 85
1550 329 86
1551 329 86
1552 329 86
1553 329 87
1554 329 87
1555 329 87
1556 329 87
1557 329 87
1558 329 88
1559 329 88
1560 329 88
1561 329 90
1562 327 92
1563 325 94
1564 324 97
1565 323 98
1566 322 100
1567 321 103
1568 320 105
1569 319 108
1570 317 111
1571 315 113
1572 315 114
1573 314 116
1574 312 117
1575 310 118
1576 310 119
1577 309 121
1578 307 123
1579 306 124
1580 305 126
1581 305 127
1582 304 129
1583 302 131
1584 301 132
1585 300 135
1586 298 137
1587 297 139
1588 296 141
1589 295 142
1590 293 144
1591 292 146
1592 290 149
1593 289 152
1594 288 153
1595 286 155
1596 285 157
1597 284 158
1598 283 160
1599 281 162
1600 280 164
1601 279 166
1602 278 167
1603 277 169
1604 276 172
1605 274 174
1606 274 175
1607 272 178
1608 271 179
1609 269 182
1610 268 184
1611 267 186
1612 267 188
1613 266 190
1614 264 192
1615 262 194
1616 261 196
1617 260 197
1618 259 199
1619 258 201
1620 257 204
1621 255 206
1622 255 207
1623 254 209
1624 252 211
1625 251 214
1626 249 215
1627 247 218
1628 246 220
1629 245 223
1630 244 225
1631 243 227
1632 242 229
1633 241 231
1634 240 232
1635 238 235
1636 237 237
1637 236 239
1638 235 241
1639 233 244
1640 232 246
1641 230 248
1642 230 250
1643 228 252
1644 227 253
1645 226 255
1646 225 258
1647 223 261
1648 222 263
1649 221 264
1650 220 267
1651 219 269
1652 218 271
1653 216 274
1654 215 275
1655 214 277
1656 213 279
1657 211 281
1658 210 283
1659 210 285
1660 208 287
1661 207 289
1662 206 291
1663 204 294
1664 202 296
1665 201 298
1666 200 301
1667 199 304
1668 198 306
1669 196 309
1670 196 310
1671 194 312
1672 193 314
1673 192 317
1674 191 318
1675 190 321
1676 189 323
1677 187 325
1678 186 327
1679 185 330
1680 183 332
1681 182 335
1682 181 336
1683 181 337
1684 181 337
1685 181 335
1686 182 332
1687 184 330
1688 184 328
1689 184 328
1690 184 328
1691 184 328
1692 185 328
1693 185 328
1694 185 328
1695 186 328
1696 187 328
1697 188 328
1698 188 328
1699 189 328
1700 190 328
1701 191 328
1702 191 328
1703 192 328
1704 192 328
1705 192 328
1706 193 328
1707 195 328
1708 199 328
1709 201 327
1710 205 327
1711 209 327
1712 212 327
1713 215 327
1714 218 327
1715 219 327
1716 222 327
1717 226 327
1718 228 327
1719 231 327
1720 236 327
1721 237 327
1722 240 327
1723 244 327
1724 248 327
1725 250 327
1726 253 327
1727 256 327
1728 258 327
1729 261 327
1730 264 327
1731 267 327
1732 269 326
1733 272 326
1734 273 326
1735 278 326
1736 279 326
1737 282 326
1738 285 326
1739 287 326
1740 290 326
1741 292 326
1742 295 326
1743 297 326
1744 299 326
1745 301 326
1746 304 326
1747 306 326
1748 308 326
1749 311 325
1750 314 325
1751 315 325
1752 318 325
1753 321 325
1754 324 325
1755 329 325
1756 333 325
1757 336 325
1758 339 324
1759 342 324
1760 345 324
1761 347 324
1762 348 324
1763 351 324
1764 354 324
1765 358 323
1766 359 323
1767 362 323
1768 365 323
1769 371 322
1770 373 322
1771 378 322
1772 378 322
1773 380 322
1774 384 322
1775 388 322
1776 391 322
1777 393 322
1778 395 322
1779 397 322
1780 400 322
1781 402 321
1782 405 321
1783 406 321
1784 409 321
1785 412 321
1786 415 321
1787 417 321
1788 420 320
1789 423 320
1790 426 320
1791 429 320
1792 430 320
1793 433 320
1794 436 319
1795 438 319
1796 441 319
1797 444 319
1798 447 319
1799 448 319
1800 453 318
1801 456 318
1802 458 318
1803 462 318
1804 464 318
1805 468 317
1806 471 317
1807 473 317
1808 476 316
1809 478 316
1810 481 316
1811 484 316
1812 486 316
1813 489 316
1814 492 316
1815 494 316
1816 497 315
1817 500 315
1818 502 315
1819 506 315
1820 508 314
1821 507 314
1822 504 314
1823 503 314
1824 500 314
1825 498 314
1826 497 314
1827 497 314
1828 497 314
1829 496 314
1830 496 313
1831 495 312
1832 494 312
1833 493 312
1834 493 311
1835 492 311
1836 492 311
1837 491 311
1838 491 311
1839 491 311
1840 490 310
1841 488 307
1842 486 305
1843 485 304
1844 483 302
1845 482 300
1846 480 297
1847 478 295
1848 477 293
1849 475 290
1850 474 288
1851 474 287
1852 473 284
1853 472 282
1854 471 279
1855 470 277
1856 469 276
1857 467 274
1858 466 271
1859 465 269
1860 464 267
1861 463 266
1862 462 264
1863 459 262
1864 456 258
1865 453 254
1866 453 252
1867 451 250
1868 450 248
1869 447 246
1870 446 243
1871 446 243
1872 444 241
1873 443 239
1874 441 237
1875 440 235
1876 440 233
1877 438 231
1878 435 229
1879 434 227
1880 432 225
1881 431 222
1882 427 220
1883 427 217
1884 425 215
1885 424 213
1886 422 211
1887 420 209
1888 419 208
1889 418 205
1890 417 203
1891 416 202
1892 415 200
1893 413 198
1894 411 195
1895 410 192
1896 410 191
1897 408 189
1898 407 186
1899 405 184
1900 404 184
1901 403 181
1902 401 179
1903 401 177
1904 399 175
1905 398 174
1906 397 172
1907 395 172
1908 393 169
1909 393 168
1910 389 164
1911 385 158
1912 383 156
1913 382 154
1914 380 151
1915 379 148
1916 378 147
1917 374 143
1918 373 142
1919 372 142
1920 370 140
1921 367 137
1922 366 134
1923 364 133
1924 363 131
1925 362 129
1926 361 127
1927 359 125
1928 358 124
1929 356 122
1930 355 121
1931 353 118
1932 350 117
1933 347 115
1934 346 112
1935 344 109
1936 344 107
1937 341 104
1938 340 102
1939 338 100
1940 337 98
1941 334 95
1942 333 93
1943 331 91
1944 329 89
1945 328 86
1946 327 84
1947 325 82
1948 324 81
1949 322 79
1950 322 79
1951 321 79
1952 321 79
1953 321 80
1954 321 80
1955 322 81
1956 323 82
1957 324 83
1958 324 83
1959 324 83
1960 324 83
1961 324 83
1962 324 84
1963 324 85
1964 324 86
1965 324 87
1966 324 87
1967 323 88
1968 323 88
1969 323 88
1970 323 88
1971 323 89
1972 322 91
1973 321 93
1974 319 96
1975 318 99
1976 317 102
1977 316 105
1978 315 107
1979 314 111
1980 313 112
1981 311 114
1982 310 116
1983 309 117
1984 308 118
1985 306 120
1986 305 122
1987 304 123
1988 302 127
1989 301 128
1990 299 131
1991 298 133
1992 297 135
1993 296 137
1994 294 141
1995 292 145
1996 291 147
1997 289 150
1998 288 152
1999 287 154
2000 286 156
2001 285 159
2002 284 161
2003 283 162
2004 282 164
2005 280 167
2006 279 168
2007 278 171
2008 277 173
2009 276 176
2010 275 178
2011 274 180
2012 272 182
2013 270 185
2014 270 187
2015 269 190
2016 267 192
2017 266 195
2018 265 196
2019 263 199
2020 262 201
2021 261 203
2022 259 207
2023 257 210
2024 255 215
2025 254 217
2026 253 219
2027 252 221
2028 250 223
2029 249 226
2030 247 228
2031 247 230
2032 246 232
2033 244 235
2034 243 237
2035 241 240
2036 240 243
2037 239 245
2038 238 248
2039 237 250
2040 236 252
2041 234 255
2042 233 256
2043 232 259
2044 231 261
2045 230 264
2046 229 266
2047 228 268
2048 226 270
2049 225 273
2050 223 277
2051 222 279
2052 221 282
2053 219 284
2054 218 287
2055 217 290
2056 215 292
2057 214 295
2058 213 297
2059 212 299
2060 211 303
2061 210 305
2062 208 307
2063 207 309
2064 206 312
2065 205 314
2066 203 316
2067 202 319
2068 202 321
2069 200 324
2070 199 326
2071 198 328
2072 197 330
2073 195 333
2074 194 336
2075 193 338
2076 193 338
2077 193 336
2078 194 333
2079 196 332
2080 197 330
2081 197 329
2082 197 329
2083 198 329
2084 198 329
2085 198 329
2086 198 329
2087 199 329
2088 200 329
2089 200 329
2090 201 329
2091 202 329
2092 202 329
2093 203 328
2094 204 328
2095 204 328
2096 204 328
2097 207 328
2098 210 328
2099 212 328
2100 215 328
2101 218 328
2102 222 327
2103 224 327
2104 227 327
2105 230 327
2106 232 327
2107 235 327
2108 238 327
2109 241 327
2110 245 326
2111 247 326
2112 250 326
2113 253 326
2114 255 326
2115 257 326
2116 259 326
2117 263 326
2118 266 325
2119 269 325
2120 272 325
2121 275 325
2122 277 325
2123 280 325
2124 283 325
2125 286 324
2126 289 324
2127 291 324
2128 294 324
2129 296 324
2130 299 324
2131 301 324
2132 303 324
2133 306 323
2134 308 323
2135 310 323
2136 312 323
2137 316 323
2138 318 323
2139 320 322
2140 324 322
2141 328 322
2142 335 321
2143 338 321
2144 344 321
2145 347 321
2146 349 321
2147 352 321
2148 355 320
2149 358 320
2150 360 320
2151 365 320
2152 368 319
2153 370 319
2154 373 319
2155 377 319
2156 380 319
2157 382 319
2158 385 319
2159 390 318
2160 394 318
2161 397 318
2162 399 318
2163 401 318
2164 403 317
2165 407 316
2166 410 316
2167 413 316
2168 417 316
2169 420 316
2170 422 316
2171 425 315
2172 429 315
2173 432 315
2174 435 315
2175 437 314
2176 440 314
2177 443 314
2178 447 313
2179 450 313
2180 454 313
2181 458 312
2182 462 312
2183 464 311
2184 467 311
2185 470 311
2186 472 311
2187 475 310
2188 479 310
2189 481 310
2190 484 310
2191 487 310
2192 491 310
2193 494 309
2194 497 309
2195 500 309
2196 502 308
2197 505 308
2198 507 308
2199 507 308
2200 503 308
2201 501 308
2202 498 308
2203 497 308
2204 496 308
2205 496 308
2206 496 308
2207 496 308
2208 496 307
2209 495 306
2210 495 306
2211 494 305
2212 494 305
2213 493 305
2214 492 305
2215 491 305
2216 491 305
2217 491 305
2218 489 303
2219 487 300
2220 485 297
2221 483 295
2222 480 291
2223 478 288
2224 476 285
2225 474 282
2226 473 279
2227 471 275
2228 470 274
2229 469 271
2230 468 269
2231 466 266
2232 464 264
2233 462 261
2234 460 259
2235 459 256
2236 457 254
2237 456 251
2238 452 248
2239 451 247
2240 450 245
2241 449 243
2242 448 241
2243 446 240
2244 443 236
2245 441 234
2246 439 233
2247 438 230
2248 437 228
2249 435 225
2250 433 222
2251 430 220
2252 428 216
2253 426 214
2254 424 213
2255 423 210
2256 419 207
2257 419 205
2258 417 203
2259 416 201
2260 414 199
2261 414 197
2262 412 195
2263 411 192
2264 409 189
2265 408 187
2266 405 185
2267 404 183
2268 402 180
2269 401 178
2270 400 176
2271 399 175
2272 396 174
2273 395 172
2274 394 170
2275 392 167
2276 388 165
2277 385 160
2278 383 157
2279 381 154
2280 380 151
2281 378 149
2282 377 148
2283 374 146
2284 370 142
2285 367 139
2286 365 136
2287 364 134
2288 361 132
2289 360 130
2290 359 127
2291 357 126
2292 354 123
2293 353 120
2294 352 119
2295 349 117
2296 346 115
2297 344 112
2298 341 109
2299 339 107
2300 337 104
2301 336 101
2302 334 99
2303 332 96
2304 330 94
2305 329 92
2306 327 90
2307 325 87
2308 323 85
2309 322 83
2310 320 81
2311 320 80
2312 318 79
2313 317 79
2314 317 79
2315 318 79
2316 318 80
2317 319 81
2318 320 81
2319 320 82
2320 320 82
2321 320 83
2322 320 85
2323 320 86
2324 320 87
2325 320 87
2326 320 87
2327 320 88
2328 320 88
2329 320 88
2330 320 88
2331 320 88
2332 320 88
2333 319 89
2334 315 93
2335 313 98
2336 313 102
2337 312 106
2338 310 109
2339 310 112
2340 308 114
2341 307 116
2342 305 118
2343 304 119
2344 303 121
2345 302 123
2346 300 125
2347 299 127
2348 297 130
2349 296 132
2350 296 135
2351 294 138
2352 293 140
2353 292 142
2354 291 144
2355 290 147
2356 288 149
2357 287 151
2358 286 155
2359 285 156
2360 284 158
2361 283 160
2362 282 162
2363 280 166
2364 279 168
2365 278 170
2366 277 173
2367 275 175
2368 274 177
2369 274 180
2370 272 184
2371 270 187
2372 269 191
2373 267 193
2374 265 197
2375 263 200
2376 262 204
2377 260 207
2378 259 209
2379 257 211
2380 256 215
2381 255 218
2382 254 220
2383 253 223
2384 252 224
2385 250 228
2386 249 230
2387 248 232
2388 247 235
2389 246 237
2390 244 240
2391 243 245
2392 241 248
2393 239 252
2394 238 254
2395 237 256
2396 235 260
2397 234 263
2398 233 265
2399 232 267
2400 231 270
2401 230 272
2402 229 274
2403 227 279
2404 226 281
2405 225 284
2406 224 286
2407 223 288
2408 222 291
2409 220 294
2410 218 296
2411 217 299
2412 216 303
2413 214 305
2414 214 307
2415 212 310
2416 211 314
2417 210 316
2418 209 319
2419 208 321
2420 207 323
2421 206 327
2422 205 329
2423 203 331
2424 202 334
2425 201 338
2426 201 339
2427 201 339
2428 201 337
2429 202 335
2430 203 332
2431 203 331
2432 203 331
2433 203 330
2434 204 330
2435 205 330
2436 205 330
2437 206 330
2438 206 330
2439 207 330
2440 208 330
2441 209 330
2442 209 330
2443 210 330
2444 210 329
2445 210 329
2446 213 329
2447 216 328
2448 219 328
2449 222 328
2450 225 328
2451 228 328
2452 232 327
2453 236 327
2454 240 327
2455 245 326
2456 248 326
2457 251 326
2458 254 326
2459 257 326
2460 260 326
2461 263 326
2462 266 325
2463 270 325
2464 273 325
2465 276 324
2466 280 324
2467 283 324
2468 286 323
2469 288 323
2470 291 323
2471 295 323
2472 298 323
2473 302 322
2474 304 322
2475 306 322
2476 309 322
2477 312 321
2478 314 321
2479 317 321
2480 320 321
2481 322 320
2482 326 319
2483 334 318
2484 337 318
2485 341 318
2486 344 318
2487 347 318
2488 351 317
2489 354 317
2490 356 317
2491 360 317
2492 363 316
2493 367 316
2494 371 316
2495 373 316
2496 376 315
2497 380 315
2498 383 315
2499 386 315
2500 389 315
2501 393 314
2502 396 314
2503 399 314
2504 401 314
2505 405 313
2506 407 313
2507 410 312
2508 413 312
2509 416 312
2510 420 311
2511 423 311
2512 425 311
2513 428 311
2514 432 310
2515 435 310
2516 437 310
2517 440 310
2518 444 309
2519 447 309
2520 449 309
2521 454 308
2522 456 308
2523 459 307
2524 462 307
2525 466 306
2526 469 306
2527 471 306
2528 473 305
2529 476 305
2530 480 305
2531 482 304
2532 485 304
2533 488 304
2534 493 303
2535 496 302
2536 498 302
2537 502 302
2538 505 301
2539 507 301
2540 507 301
2541 507 301
2542 503 301
2543 501 301
2544 498 301
2545 498 301
2546 498 301
2547 497 301
2548 497 301
2549 497 300
2550 497 300
2551 497 299
2552 496 299
2553 494 298
2554 494 298
2555 493 298
2556 492 298
2557 492 298
2558 491 297
2559 490 296
2560 488 294
2561 485 291
2562 484 289
2563 481 287
2564 480 284
2565 477 281
2566 476 279
2567 474 277
2568 473 275
2569 472 272
2570 470 268
2571 470 266
2572 468 264
2573 466 261
2574 465 259
2575 462 256
2576 461 254
2577 458 252
2578 455 248
2579 454 247
2580 453 244
2581 452 242
2582 449 240
2583 447 238
2584 444 235
2585 443 232
2586 441 230
2587 437 226
2588 437 224
2589 435 222
2590 433 219
2591 432 217
2592 429 215
2593 426 213
2594 422 210
2595 420 206
2596 418 205
2597 417 203
2598 414 199
2599 414 196
2600 411 195
2601 409 191
2602 408 190
2603 405 186
2604 405 183
2605 401 181
2606 400 179
2607 398 178
2608 397 177
2609 394 174
2610 393 173
2611 391 170
2612 390 167
2613 387 162
2614 385 160
2615 384 157
2616 382 156
2617 379 153
2618 377 150
2619 375 150
2620 373 148
2621 371 146
2622 369 144
2623 367 142
2624 365 139
2625 363 137
2626 362 136
2627 361 134
2628 358 130
2629 356 128
2630 355 126
2631 353 124
2632 351 121
2633 347 119
2634 345 118
2635 343 117
2636 340 114
2637 338 113
2638 336 109
2639 334 106
2640 333 104
2641 330 102
2642 329 98
2643 327 96
2644 324 93
2645 322 91
2646 321 90
2647 318 87
2648 316 85
2649 315 84
2650 313 80
2651 312 79
2652 311 79
2653 311 79
2654 312 80
2655 314 82
2656 315 85
2657 315 85
2658 315 85
2659 315 85
2660 315 87
2661 315 87
2662 314 88
2663 314 88
2664 314 88
2665 314 89
2666 314 89
2667 314 89
2668 314 89
2669 314 89
2670 314 90
2671 314 92
2672 312 95
2673 311 98
2674 309 101
2675 309 104
2676 307 108
2677 306 112
2678 304 115
2679 302 117
2680 302 118
2681 302 119
2682 300 122
2683 298 124
2684 297 126
2685 296 129
2686 295 131
2687 294 134
2688 293 138
2689 292 141
2690 291 142
2691 290 145
2692 288 149
2693 286 150
2694 285 153
2695 284 156
2696 283 158
2697 282 161
2698 280 163
2699 278 166
2700 278 168
2701 277 171
2702 276 174
2703 274 177
2704 274 179
2705 272 182
2706 270 186
2707 269 190
2708 267 194
2709 266 197
2710 265 199
2711 263 203
2712 262 205
2713 262 207
2714 260 211
2715 259 213
2716 258 217
2717 256 219
2718 255 222
2719 255 225
2720 253 228
2721 251 232
2722 250 234
2723 248 238
2724 247 241
2725 246 244
2726 245 247
2727 243 249
2728 242 252
2729 242 254
2730 240 258
2731 239 260
2732 238 263
2733 236 266
2734 235 268
2735 233 273
2736 231 276
2737 231 279
2738 229 284
2739 229 287
2740 227 289
2741 226 292
2742 225 295
2743 223 298
2744 222 302
2745 220 306
2746 219 308
2747 218 312
2748 216 315
2749 214 319
2750 213 321
2751 212 323
2752 211 327
2753 210 330
2754 209 332
2755 208 335
2756 207 338
2757 207 340
2758 207 340
2759 207 337
2760 208 335
2761 209 333
2762 209 332
2763 209 332
2764 209 331
2765 209 331
2766 209 331
2767 211 331
2768 212 331
2769 213 331
2770 214 331
2771 214 330
2772 215 330
2773 215 329
2774 215 329
2775 217 329
2776 221 329
2777 223 329
2778 226 328
2779 230 328
2780 233 328
2781 237 328
2782 240 327
2783 244 327
2784 246 327
2785 250 327
2786 253 326
2787 257 326
2788 260 325
2789 263 325
2790 266 325
2791 271 324
2792 274 324
2793 277 324
2794 281 323
2795 284 323
2796 287 323
2797 291 322
2798 293 321
2799 298 321
2800 301 321
2801 305 320
2802 307 319
2803 311 319
2804 313 319
2805 316 318
2806 318 318
2807 320 318
2808 324 318
2809 328 317
2810 336 316
2811 339 316
2812 342 315
2813 346 315
2814 352 314
2815 354 314
2816 358 313
2817 361 313
2818 367 312
2819 371 312
2820 375 312
2821 380 311
2822 382 311
2823 387 310
2824 389 310
2825 392 309
2826 396 309
2827 400 309
2828 404 308
2829 405 308
2830 408 307
2831 412 307
2832 416 306
2833 421 305
2834 424 305
2835 428 304
2836 431 304
2837 435 303
2838 438 303
2839 442 302
2840 445 302
2841 447 302
2842 451 301
2843 454 300
2844 458 300
2845 461 299
2846 465 299
2847 467 299
2848 470 298
2849 474 297
2850 476 297
2851 480 296
2852 482 295
2853 487 295
2854 489 294
2855 493 293
2856 496 293
2857 500 292
2858 503 292
2859 507 291
2860 508 291
2861 507 291
2862 505 291
2863 501 292
2864 499 292
2865 498 292
2866 498 292
2867 498 292
2868 498 292
2869 498 291
2870 497 291
2871 497 290
2872 495 289
2873 494 289
2874 494 289
2875 493 289
2876 492 289
2877 492 289
2878 491 288
2879 487 283
2880 485 280
2881 482 278
2882 480 275
2883 478 272
2884 475 270
2885 474 267
2886 472 264
2887 471 261
2888 470 259
2889 468 257
2890 466 255
2891 463 252
2892 461 249
2893 459 246
2894 458 244
2895 455 242
2896 451 239
2897 450 237
2898 448 233
2899 446 232
2900 443 228
2901 441 227
2902 439 223
2903 438 222
2904 435 218
2905 434 216
2906 431 214
2907 429 212
2908 426 208
2909 425 207
2910 423 204
2911 419 201
2912 418 199
2913 415 196
2914 414 194
2915 411 191
2916 410 190
2917 409 188
2918 406 184
2919 403 182
2920 401 179
2921 399 177
2922 397 173
2923 396 171
2924 393 169
2925 390 165
2926 388 162
2927 386 159
2928 382 154
2929 378 151
2930 376 150
2931 374 147
2932 372 145
2933 369 143
2934 367 140
2935 364 137
2936 363 135
2937 360 132
2938 359 130
2939 356 127
2940 354 125
2941 351 122
2942 350 121
2943 347 119
2944 346 118
2945 343 116
2946 342 114
2947 339 112
2948 337 110
2949 334 106
2950 331 103
2951 329 101
2952 327 99
2953 324 96
2954 322 94
2955 320 92
2956 319 89
2957 317 86
2958 315 84
2959 313 82
2960 311 80
2961 310 79
2962 310 79
2963 312 81
2964 314 84
2965 314 84
2966 314 84
2967 314 84
2968 314 85
2969 314 86
2970 314 86
2971 314 87
2972 314 88
2973 314 88
2974 314 88
2975 314 89
2976 314 89
2977 314 90
2978 314 92
2979 312 96
2980 310 99
2981 309 101
2982 307 107
2983 306 111
2984 304 115
2985 303 117
2986 302 118
2987 300 121
2988 299 122
2989 298 125
2990 296 128
2991 295 130
2992 294 134
2993 292 138
2994 290 143
2995 288 145
2996 288 148
2997 286 150
2998 285 153
2999 283 156
3000 282 160
3001 281 162
3002 279 165
3003 278 168
3004 276 172
3005 275 175
3006 274 179
3007 273 181
3008 270 183
3009 270 187
3010 269 191
3011 268 192
3012 266 196
3013 265 199
3014 262 204
3015 262 206
3016 260 209
3017 259 212
3018 258 215
3019 256 218
3020 255 221
3021 254 224
3022 252 227
3023 251 230
3024 250 233
3025 249 235
3026 247 239
3027 246 242
3028 245 245
3029 243 249
3030 242 251
3031 241 256
3032 239 259
3033 238 262
3034 236 266
3035 235 269
3036 234 273
3037 233 275
3038 231 279
3039 230 282
3040 228 285
3041 227 287
3042 226 291
3043 225 294
3044 224 298
3045 223 300
3046 221 304
3047 219 308
3048 218 311
3049 216 315
3050 215 317
3051 213 321
3052 213 323
3053 211 327
3054 211 329
3055 209 333
3056 208 335
3057 207 339
3058 206 341
3059 206 341
3060 206 339
3061 208 337
3062 209 333
3063 209 333
3064 209 333
3065 209 333
3066 210 333
3067 211 333
3068 211 333
3069 212 333
3070 213 333
3071 213 333
3072 215 332
3073 215 331
3074 216 331
3075 216 331
3076 220 331
3077 222 330
3078 226 330
3079 229 329
3080 233 329
3081 237 329
3082 240 329
3083 244 328
3084 246 327
3085 250 327
3086 253 327
3087 257 327
3088 260 327
3089 263 327
3090 268 326
3091 271 326
3092 275 325
3093 278 325
3094 283 324
3095 287 324
3096 289 324
3097 293 323
3098 295 323
3099 299 323
3100 301 322
3101 304 322
3102 307 321
3103 311 321
3104 315 320
3105 318 319
3106 320 319
3107 325 319
3108 330 318
3109 337 317
3110 341 317
3111 345 316
3112 348 315
3113 352 315
3114 356 315
3115 360 315
3116 362 315
3117 367 314
3118 370 313
3119 374 312
3120 378 312
3121 382 312
3122 385 312
3123 388 311
3124 391 311
3125 395 310
3126 398 310
3127 403 310
3128 407 309
3129 410 308
3130 413 308
3131 418 308
3132 421 307
3133 424 306
3134 428 306
3135 432 305
3136 434 304
3137 438 304
3138 441 303
3139 445 303
3140 448 302
3141 452 302
3142 456 301
3143 459 301
3144 463 300
3145 466 300
3146 470 300
3147 474 299
3148 476 299
3149 479 298
3150 482 297
3151 486 297
3152 491 296
3153 494 295
3154 498 295
3155 500 294
3156 505 293
3157 508 293
3158 509 293
3159 508 293
3160 506 293
3161 502 293
3162 499 294
3163 499 294
3164 499 294
3165 499 294
3166 499 293
3167 498 292
3168 497 292
3169 497 292
3170 496 291
3171 494 290
3172 494 290
3173 493 290
3174 493 290
3175 491 288
3176 489 286
3177 486 283
3178 484 280
3179 481 277
3180 479 274
3181 477 271
3182 474 268
3183 473 265
3184 470 262
3185 469 259
3186 467 257
3187 465 253
3188 463 251
3189 460 248
3190 459 247
3191 456 243
3192 453 241
3193 452 239
3194 450 236
3195 447 234
3196 446 231
3197 444 229
3198 442 226
3199 440 223
3200 438 221
3201 436 217
3202 433 215
3203 431 212
3204 427 209
3205 426 207
3206 423 205
3207 421 202
3208 420 199
3209 417 196
3210 415 194
3211 411 191
3212 409 187
3213 406 185
3214 403 181
3215 400 177
3216 399 175
3217 398 174
3218 396 172
3219 394 170
3220 391 167
3221 390 164
3222 385 160
3223 383 157
3224 382 154
3225 380 151
3226 376 149
3227 374 147
3228 371 144
3229 368 141
3230 365 138
3231 363 135
3232 361 132
3233 359 130
3234 357 127
3235 355 125
3236 352 122
3237 349 119
3238 347 118
3239 345 116
3240 342 115
3241 340 113
3242 337 109
3243 334 105
3244 333 103
3245 329 100
3246 327 98
3247 326 96
3248 324 94
3249 321 91
3250 319 87
3251 314 84
3252 312 80
3253 312 80
3254 312 81
3255 313 82
3256 314 83
3257 316 84
3258 316 85
3259 316 87
3260 316 87
3261 316 88
3262 316 88
3263 316 89
3264 316 89
3265 316 90
3266 316 90
3267 316 90
3268 316 91
3269 315 93
3270 314 96
3271 313 97
3272 312 101
3273 310 106
3274 308 111
3275 307 115
3276 306 118
3277 303 120
3278 302 121
3279 302 124
3280 300 128
3281 299 129
3282 297 133
3283 296 137
3284 294 140
3285 293 143
3286 292 145
3287 291 149
3288 289 151
3289 288 154
3290 287 157
3291 286 161
3292 284 162
3293 282 167
3294 282 169
3295 280 172
3296 279 176
3297 277 180
3298 276 183
3299 275 185
3300 274 188
3301 273 191
3302 271 195
3303 269 198
3304 267 200
3305 266 204
3306 265 207
3307 264 211
3308 263 214
3309 262 217
3310 260 219
3311 259 223
3312 257 226
3313 256 228
3314 255 232
3315 254 236
3316 252 238
3317 251 241
3318 250 245
3319 248 250
3320 247 253
3321 245 256
3322 244 260
3323 243 264
3324 241 268
3325 240 271
3326 239 273
3327 238 277
3328 236 281
3329 235 284
3330 233 288
3331 232 290
3332 231 294
3333 230 298
3334 228 302
3335 226 307
3336 224 311
3337 222 315
3338 221 318
3339 220 322
3340 219 325
3341 217 329
3342 216 331
3343 214 334
3344 213 338
3345 211 342
3346 211 344
3347 211 344
3348 212 340
3349 212 338
3350 213 335
3351 213 334
3352 214 334
3353 215 334
3354 216 334
3355 217 334
3356 218 334
3357 219 334
3358 220 334
3359 221 333
3360 222 332
3361 222 331
3362 222 331
3363 226 331
3364 230 331
3365 234 330
3366 237 329
3367 241 329
3368 245 328
3369 249 328
3370 252 328
3371 256 327
3372 260 327
3373 264 327
3374 267 327
3375 271 326
3376 274 326
3377 278 325
3378 284 324
3379 288 324
3380 291 323
3381 294 323
3382 298 323
3383 300 323
3384 304 322
3385 308 322
3386 310 322
3387 314 321
3388 316 320
3389 320 320
3390 322 319
3391 326 319
3392 332 318
3393 336 317
3394 342 317
3395 346 316
3396 351 315
3397 357 315
3398 363 315
3399 365 314
3400 370 313
3401 374 313
3402 378 312
3403 384 311
3404 389 311
3405 393 310
3406 398 310
3407 401 310
3408 405 309
3409 409 308
3410 412 307
3411 415 306
3412 418 306
3413 424 305
3414 426 305
3415 430 304
3416 435 304
3417 438 303
3418 444 302
3419 448 301
3420 450 301
3421 455 300
3422 459 300
3423 461 299
3424 465 298
3425 469 297
3426 473 297
3427 477 296
3428 479 295
3429 483 295
3430 487 294
3431 491 293
3432 495 293
3433 498 292
3434 502 292
3435 507 291
3436 509 291
3437 507 291
3438 503 291
3439 501 291
3440 500 291
3441 500 291
3442 499 291
3443 499 291
3444 498 290
3445 498 290
3446 496 289
3447 495 289
3448 495 289
3449 494 289
3450 494 289
3451 492 287
3452 489 284
3453 486 281
3454 484 278
3455 481 275
3456 478 272
3457 476 269
3458 474 265
3459 472 262
3460 469 259
3461 467 256
3462 464 254
3463 463 252
3464 459 247
3465 456 244
3466 453 242
3467 452 239
3468 449 236
3469 446 233
3470 444 230
3471 441 227
3472 439 224
3473 437 222
3474 435 220
3475 431 217
3476 428 213
3477 427 212
3478 424 209
3479 421 206
3480 420 203
3481 418 201
3482 415 198
3483 413 195
3484 409 192
3485 408 190
3486 405 187
3487 402 184
3488 399 180
3489 397 178
3490 394 176
3491 393 174
3492 391 171
3493 390 169
3494 386 164
3495 380 161
3496 379 157
3497 374 154
3498 372 152
3499 369 149
3500 366 146
3501 364 145
3502 362 142
3503 359 139
3504 357 136
3505 354 134
3506 352 131
3507 349 128
3508 347 126
3509 344 124
3510 342 121
3511 340 120
3512 338 118
3513 335 115
3514 333 114
3515 329 111
3516 325 107
3517 323 104
3518 320 101
3519 318 99
3520 315 96
3521 313 93
3522 311 91
3523 310 89
3524 307 86
3525 305 83
3526 304 83
3527 303 82
3528 303 83
3529 305 84
3530 307 85
3531 307 85
3532 307 86
3533 306 86
3534 306 86
3535 306 88
3536 306 88
3537 306 89
3538 306 89
3539 306 90
3540 306 90
3541 305 93
3542 303 97
3543 301 100
3544 300 103
3545 299 107
3546 297 113
3547 296 115
3548 295 118
3549 293 121
3550 292 123
3551 290 125
3552 289 128
3553 288 131
3554 286 133
3555 285 136
3556 283 140
3557 282 143
3558 281 147
3559 279 151
3560 277 155
3561 276 158
3562 275 161
3563 274 163
3564 272 167
3565 270 170
3566 268 175
3567 267 178
3568 266 182
3569 264 184
3570 263 188
3571 261 190
3572 260 195
3573 259 199
3574 257 202
3575 256 205
3576 254 209
3577 253 212
3578 251 216
3579 250 220
3580 248 224
3581 246 227
3582 245 230
3583 245 232
3584 243 236
3585 242 240
3586 240 244
3587 239 247
3588 238 250
3589 237 253
3590 235 257
3591 234 261
3592 232 264
3593 231 268
3594 230 272
3595 228 275
3596 227 280
3597 225 283
3598 224 287
3599 223 289
3600 222 294
3601 220 297
3602 219 302
3603 218 304
3604 216 308
3605 215 312
3606 213 316
3607 212 320
3608 211 324
3609 209 328
3610 208 332
3611 206 335
3612 206 337
3613 204 340
3614 202 344
3615 202 343
3616 203 341
3617 204 338
3618 205 335
3619 205 335
3620 206 335
3621 207 335
3622 208 335
3623 209 335
3624 210 335
3625 210 335
3626 212 334
3627 212 333
3628 212 333
3629 214 333
3630 218 332
3631 222 331
3632 226 331
3633 229 331
3634 233 330
3635 238 329
3636 242 329
3637 248 328
3638 251 328
3639 256 327
3640 260 327
3641 263 327
3642 268 327
3643 272 326
3644 277 325
3645 281 324
3646 286 323
3647 289 323
3648 292 322
3649 296 322
3650 300 321
3651 303 321
3652 308 320
3653 312 320
3654 316 319
3655 318 319
3656 322 318
3657 326 318
3658 332 317
3659 338 316
3660 343 316
3661 345 316
3662 349 315
3663 354 315
3664 358 314
3665 362 314
3666 366 314
3667 371 313
3668 375 312
3669 379 311
3670 384 311
3671 388 311
3672 396 310
3673 401 309
3674 404 308
3675 407 308
3676 411 307
3677 415 307
3678 419 306
3679 423 305
3680 428 304
3681 431 304
3682 435 303
3683 439 302
3684 443 302
3685 447 301
3686 450 301
3687 454 300
3688 458 300
3689 462 299
3690 466 298
3691 470 297
3692 474 297
3693 478 296
3694 481 295
3695 485 295
3696 490 294
3697 494 293
3698 498 292
3699 502 292
3700 505 291
3701 509 291
3702 509 291
3703 505 291
3704 500 292
3705 500 292
3706 500 292
3707 500 292
3708 499 291
3709 499 290
3710 498 289
3711 497 289
3712 495 289
3713 494 289
3714 494 289
3715 492 287
3716 489 284
3717 486 281
3718 484 278
3719 480 275
3720 478 272
3721 476 269
3722 474 266
3723 471 263
3724 467 258
3725 464 254
3726 461 251
3727 459 247
3728 457 244
3729 454 241
3730 452 239
3731 449 236
3732 447 233
3733 445 231
3734 442 228
3735 440 225
3736 437 221
3737 435 219
3738 431 215
3739 428 212
3740 425 208
3741 421 204
3742 418 200
3743 415 197
3744 411 193
3745 409 191
3746 407 188
3747 403 183
3748 401 181
3749 399 178
3750 397 176
3751 395 174
3752 393 171
3753 390 169
3754 388 165
3755 383 162
3756 381 158
3757 378 156
3758 374 153
3759 372 151
3760 370 148
3761 366 144
3762 364 142
3763 360 139
3764 357 136
3765 354 131
3766 353 130
3767 350 127
3768 346 124
3769 343 121
3770 340 118
3771 337 116
3772 332 113
3773 329 110
3774 326 107
3775 323 104
3776 320 101
3777 316 97
3778 314 94
3779 312 93
3780 310 89
3781 307 85
3782 304 82
3783 302 81
3784 303 81
3785 305 83
3786 306 84
3787 306 85
3788 306 85
3789 306 86
3790 306 87
3791 306 89
3792 306 89
3793 306 90
3794 306 91
3795 306 91
3796 306 91
3797 306 93
3798 304 97
3799 303 100
3800 302 104
3801 300 108
3802 299 115
3803 299 116
3804 297 120
3805 295 122
3806 293 126
3807 293 129
3808 291 131
3809 290 135
3810 288 138
3811 286 143
3812 285 146
3813 284 152
3814 282 154
3815 281 158
3816 279 161
3817 277 165
3818 276 169
3819 275 172
3820 273 176
3821 271 180
3822 271 184
3823 269 188
3824 267 192
3825 266 195
3826 264 199
3827 262 204
3828 261 207
3829 259 211
3830 258 214
3831 256 219
3832 255 222
3833 253 226
3834 252 230
3835 251 234
3836 249 237
3837 247 242
3838 246 246
3839 244 250
3840 243 254
3841 242 259
3842 240 262
3843 238 266
3844 238 271
3845 236 275
3846 235 279
3847 233 284
3848 231 289
3849 230 292
3850 229 296
3851 227 301
3852 226 305
3853 224 309
3854 222 314
3855 221 318
3856 219 322
3857 217 327
3858 216 331
3859 214 335
3860 213 339
3861 212 342
3862 211 344
3863 213 341
3864 214 338
3865 214 336
3866 214 336
3867 216 336
3868 216 336
3869 217 336
3870 219 336
3871 220 336
3872 221 335
3873 222 334
3874 222 333
3875 225 333
3876 229 332
3877 233 331
3878 238 330
3879 242 329
3880 247 329
3881 251 328
3882 256 327
3883 261 326
3884 265 326
3885 268 325
3886 273 324
3887 277 323
3888 281 323
3889 285 321
3890 289 321
3891 294 320
3892 297 319
3893 302 318
3894 305 318
3895 309 318
3896 313 317
3897 318 316
3898 321 316
3899 324 316
3900 329 315
3901 337 313
3902 342 312
3903 346 312
3904 352 310
3905 376 306
3906 382 304
3907 387 304
3908 393 302
3909 401 301
3910 406 300
3911 411 299
3912 418 296
3913 424 295
3914 430 294
3915 435 293
3916 442 292
3917 449 291
3918 454 290
3919 461 288
3920 466 287
3921 470 286
3922 475 284
3923 479 283
3924 485 282
3925 490 281
3926 495 279
3927 499 279
3928 504 278
3929 508 277
3930 505 277
3931 499 278
3932 498 278
3933 498 278
3934 497 277
3935 496 276
3936 494 276
3937 493 276
3938 493 276
3939 492 276
3940 488 273
3941 485 270
3942 481 266
3943 478 263
3944 476 259
3945 473 255
3946 471 252
3947 469 249
3948 466 245
3949 462 243
3950 458 239
3951 454 236
3952 451 232
3953 448 229
3954 444 226
3955 441 223
3956 438 219
3957 435 216
3958 432 213
3959 428 209
3960 426 206
3961 423 204
3962 420 200
3963 417 198
3964 414 194
3965 411 191
3966 407 187
3967 404 184
3968 402 180
3969 399 177
3970 397 176
3971 393 173
3972 390 170
3973 385 165
3974 379 159
3975 377 156
3976 373 152
3977 371 150
3978 366 146
3979 361 144
3980 359 141
3981 355 138
3982 352 134
3983 348 131
3984 346 129
3985 344 127
3986 340 124
3987 337 121
3988 334 118
3989 331 116
3990 326 113
3991 321 109
3992 317 105
3993 315 102
3994 311 99
3995 308 96
3996 305 93
3997 301 89
3998 299 86
3999 297 84
4000 294 82
4001 294 82
4002 297 83
4003 300 86
4004 300 86
4005 300 87
4006 300 88
4007 300 89
4008 300 89
4009 299 91
4010 299 92
4011 299 92
4012 298 96
4013 296 102
4014 294 110
4015 292 116
4016 291 119
4017 289 122
4018 288 127
4019 286 133
4020 284 138
4021 283 142
4022 281 148
4023 278 152
4024 277 158
4025 276 163
4026 274 168
4027 273 173
4028 270 180
4029 268 186
4030 266 192
4031 264 198
4032 262 204
4033 261 210
4034 259 216
4035 257 221
4036 256 227
4037 254 233
4038 253 238
4039 251 243
4040 248 249
4041 247 254
4042 246 260
4043 244 267
4044 243 271
4045 240 280
4046 238 287
4047 236 294
4048 235 299
4049 233 305
4050 231 311
4051 229 319
4052 227 325
4053 226 330
4054 224 337
4055 223 341
4056 221 346
4057 222 343
4058 223 338
4059 224 337
4060 225 337
4061 227 337
4062 229 337
4063 231 335
4064 231 333
4065 235 332
4066 240 331
4067 246 330
4068 253 329
4069 259 328
4070 264 327
4071 270 325
4072 275 325
4073 282 323
4074 288 321
4075 294 320
4076 301 319
4077 308 317
4078 313 316
4079 319 315
4080 325 314
4081 332 313
4082 340 311
4083 346 309
4084 353 308
4085 357 307
4086 362 306
4087 369 303
4088 375 302
4089 380 300
4090 385 299
4091 392 298
4092 397 296
4093 404 295
4094 409 294
4095 414 293
4096 419 291
4097 425 291
4098 432 289
4099 437 287
4100 442 286
4101 449 285
4102 454 283
4103 459 282
4104 464 281
4105 471 279
4106 476 278
4107 481 276
4108 487 275
4109 492 273
4110 498 271
4111 504 270
4112 508 269
4113 507 269
4114 502 270
4115 500 270
4116 499 270
4117 498 270
4118 497 269
4119 495 268
4120 493 268
4121 493 268
4122 490 267
4123 487 264
4124 481 259
4125 477 254
4126 474 250
4127 472 246
4128 467 241
4129 464 238
4130 459 234
4131 455 230
4132 451 226
4133 448 223
4134 444 219
4135 438 213
4136 434 210
4137 430 206
4138 427 202
4139 423 199
4140 419 195
4141 415 191
4142 411 187
4143 407 183
4144 403 178
4145 400 175
4146 397 172
4147 394 169
4148 390 166
4149 384 160
4150 380 157
4151 375 152
4152 370 148
4153 366 144
4154 361 140
4155 358 137
4156 353 133
4157 350 129
4158 346 126
4159 343 122
4160 338 119
4161 333 116
4162 329 113
4163 325 109
4164 320 104
4165 316 100
4166 312 97
4167 308 93
4168 305 90
4169 301 86
4170 298 83
4171 297 83
4172 298 83
4173 302 85
4174 302 86
4175 302 87
4176 302 88
4177 302 89
4178 301 90
4179 301 91
4180 301 91
4181 300 96
4182 299 101
4183 296 107
4184 295 115
4185 293 119
4186 292 123
4187 291 126
4188 289 132
4189 287 136
4190 286 140
4191 284 146
4192 281 152
4193 279 156
4194 278 162
4195 276 166
4196 275 171
4197 273 179
4198 271 184
4199 269 188
4200 267 195
4201 266 200
4202 264 205
4203 262 210
4204 260 215
4205 258 221
4206 258 225
4207 256 231
4208 254 236
4209 253 241
4210 251 249
4211 249 253
4212 248 258
4213 246 263
4214 245 269
4215 243 274
4216 241 282
4217 239 287
4218 238 294
4219 236 300
4220 234 305
4221 233 311
4222 231 316
4223 229 323
4224 227 329
4225 226 335
4226 225 339
4227 223 346
4228 223 344
4229 225 338
4230 225 337
4231 226 337
4232 228 337
4233 229 337
4234 231 337
4235 232 335
4236 232 334
4237 236 333
4238 241 332
4239 247 330
4240 254 329
4241 259 328
4242 264 327
4243 270 326
4244 276 324
4245 282 323
4246 288 321
4247 292 320
4248 300 318
4249 304 317
4250 310 315
4251 316 314
4252 321 313
4253 326 312
4254 332 310
4255 340 308
4256 346 307
4257 352 305
4258 357 304
4259 363 303
4260 369 302
4261 375 300
4262 382 298
4263 387 297
4264 392 295
4265 399 294
4266 405 293
4267 412 291
4268 416 290
4269 423 289
4270 429 287
4271 434 286
4272 440 284
4273 446 282
4274 452 281
4275 457 280
4276 463 278
4277 468 277
4278 474 275
4279 482 273
4280 487 272
4281 494 270
4282 500 269
4283 506 267
4284 508 266
4285 504 266
4286 499 268
4287 499 268
4288 499 268
4289 497 267
4290 496 266
4291 494 266
4292 494 266
4293 491 264
4294 484 259
4295 480 254
4296 477 249
4297 473 245
4298 469 241
4299 465 236
4300 461 233
4301 456 228
4302 453 225
4303 448 220
4304 444 215
4305 439 211
4306 434 207
4307 431 203
4308 427 200
4309 422 195
4310 419 192
4311 414 187
4312 411 184
4313 408 180
4314 404 175
4315 400 172
4316 397 169
4317 393 166
4318 386 160
4319 381 157
4320 377 150
4321 372 146
4322 367 142
4323 363 141
4324 359 136
4325 353 130
4326 349 126
4327 344 122
4328 340 119
4329 336 117
4330 331 114
4331 325 109
4332 322 105
4333 317 100
4334 313 97
4335 309 93
4336 305 90
4337 301 87
4338 297 83
4339 297 83
4340 299 85
4341 301 86
4342 301 87
4343 301 88
4344 301 89
4345 301 90
4346 301 91
4347 301 91
4348 301 92
4349 301 98
4350 299 105
4351 297 110
4352 295 116
4353 294 120
4354 292 124
4355 290 129
4356 289 137
4357 287 141
4358 285 146
4359 283 150
4360 282 155
4361 280 160
4362 278 167
4363 277 171
4364 275 178
4365 274 183
4366 272 188
4367 271 194
4368 269 200
4369 267 204
4370 265 210
4371 264 215
4372 262 221
4373 261 226
4374 259 232
4375 258 237
4376 256 244
4377 255 249
4378 252 255
4379 251 260
4380 250 267
4381 248 271
4382 246 277
4383 245 283
4384 244 289
4385 242 295
4386 241 300
4387 239 305
4388 238 312
4389 236 317
4390 234 324
4391 233 330
4392 232 337
4393 230 342
4394 229 347
4395 229 343
4396 231 338
4397 231 338
4398 232 337
4399 233 337
4400 235 337
4401 237 337
4402 238 336
4403 238 335
4404 242 333
4405 248 332
4406 254 330
4407 260 329
4408 266 328
4409 272 327
4410 278 325
4411 285 324
4412 292 322
4413 297 321
4414 303 320
4415 308 319
4416 314 317
4417 319 316
4418 325 315
4419 330 314
4420 340 311
4421 347 310
4422 353 308
4423 360 307
4424 367 306
4425 373 304
4426 380 302
4427 385 300
4428 392 298
4429 398 296
4430 405 295
4431 412 294
4432 416 293
4433 423 291
4434 429 290
4435 435 288
4436 440 287
4437 446 285
4438 453 283
4439 460 282
4440 465 280
4441 471 279
4442 478 277
4443 482 275
4444 489 274
4445 495 272
4446 502 270
4447 507 268
4448 507 268
4449 503 269
4450 499 270
4451 499 270
4452 498 269
4453 497 268
4454 496 267
4455 494 267
4456 493 267
4457 491 266
4458 486 262
4459 480 257
4460 477 251
4461 473 248
4462 470 244
4463 465 239
4464 461 235
4465 457 230
4466 454 227
4467 449 222
4468 444 219
4469 440 214
4470 436 210
4471 431 206
4472 428 202
4473 424 197
4474 420 194
4475 417 189
4476 413 186
4477 406 180
4478 403 176
4479 400 174
4480 396 170
4481 392 166
4482 384 159
4483 380 154
4484 375 150
4485 370 147
4486 366 144
4487 363 141
4488 357 135
4489 352 131
4490 349 128
4491 345 124
4492 341 120
4493 336 117
4494 332 114
4495 326 110
4496 319 105
4497 316 101
4498 312 96
4499 308 94
4500 303 90
4501 300 87
4502 295 83
4503 297 84
4504 299 85
4505 301 87
4506 301 88
4507 301 90
4508 301 90
4509 301 91
4510 301 91
4511 301 92
4512 299 96
4513 299 102
4514 297 107
4515 295 116
4516 295 119
4517 292 124
4518 290 132
4519 287 137
4520 286 142
4521 284 148
4522 282 153
4523 280 159
4524 279 164
4525 277 169
4526 275 175
4527 274 181
4528 272 186
4529 270 192
4530 269 197
4531 267 202
4532 265 208
4533 264 214
4534 261 219
4535 260 225
4536 258 231
4537 257 235
4538 255 241
4539 253 248
4540 252 253
4541 250 259
4542 249 264
4543 246 270
4544 245 276
4545 244 284
4546 242 288
4547 241 295
4548 239 300
4549 237 307
4550 235 313
4551 234 318
4552 232 325
4553 231 330
4554 230 336
4555 228 342
4556 227 348
4557 227 344
4558 228 338
4559 228 338
4560 230 338
4561 231 338
4562 233 338
4563 235 338
4564 236 337
4565 236 337
4566 242 335
4567 248 332
4568 253 331
4569 260 330
4570 266 329
4571 271 328
4572 278 327
4573 285 324
4574 291 323
4575 297 322
4576 303 322
4577 308 320
4578 315 319
4579 321 318
4580 325 316
4581 338 314
4582 348 312
4583 355 310
4584 361 308
4585 368 307
4586 376 305
4587 381 304
4588 387 302
4589 393 300
4590 400 299
4591 406 297
4592 412 295
4593 419 294
4594 426 292
4595 431 291
4596 437 291
4597 442 289
4598 449 287
4599 455 285
4600 461 284
4601 467 282
4602 473 280
4603 479 279
4604 484 278
4605 491 276
4606 497 274
4607 503 272
4608 510 271
4609 510 271
4610 502 272
4611 500 273
4612 500 273
4613 499 272
4614 499 271
4615 498 270
4616 496 270
4617 495 270
4618 492 268
4619 486 264
4620 481 258
4621 477 253
4622 475 249
4623 471 244
4624 465 240
4625 458 234
4626 453 229
4627 449 226
4628 445 221
4629 441 216
4630 437 211
4631 434 207
4632 427 201
4633 423 197
4634 420 194
4635 415 190
4636 411 185
4637 407 181
4638 403 176
4639 400 172
4640 395 169
4641 390 165
4642 383 159
4643 377 154
4644 373 150
4645 367 147
4646 363 142
4647 359 138
4648 355 133
4649 350 128
4650 346 124
4651 342 121
4652 337 119
4653 332 116
4654 326 112
4655 322 108
4656 317 103
4657 313 97
4658 309 94
4659 305 90
4660 301 87
4661 297 84
4662 297 84
4663 300 85
4664 300 86
4665 300 87
4666 300 88
4667 300 88
4668 300 89
4669 300 89
4670 300 92
4671 298 101
4672 295 106
4673 294 117
4674 293 119
4675 290 123
4676 289 128
4677 287 136
4678 285 140
4679 283 144
4680 281 151
4681 279 156
4682 277 161
4683 276 166
4684 274 171
4685 272 177
4686 271 184
4687 270 190
4688 267 194
4689 265 200
4690 263 206
4691 261 212
4692 260 219
4693 258 225
4694 256 234
4695 254 239
4696 252 245
4697 251 251
4698 248 259
4699 247 265
4700 245 271
4701 243 277
4702 241 284
4703 239 290
4704 239 295
4705 237 301
4706 235 308
4707 233 315
4708 230 322
4709 229 327
4710 228 333
4711 226 339
4712 224 345
4713 224 346
4714 224 343
4715 225 339
4716 226 339
4717 227 339
4718 229 339
4719 230 339
4720 232 339
4721 232 337
4722 237 335
4723 242 334
4724 248 333
4725 255 331
4726 261 330
4727 266 329
4728 272 328
4729 280 326
4730 287 325
4731 293 323
4732 300 322
4733 305 321
4734 310 319
4735 317 318
4736 323 317
4737 328 316
4738 336 314
4739 344 312
4740 351 310
4741 356 309
4742 364 307
4743 370 305
4744 378 303
4745 384 302
4746 391 300
4747 397 298
4748 404 297
4749 410 295
4750 416 294
4751 423 292
4752 428 291
4753 434 289
4754 441 287
4755 447 286
4756 453 284
4757 459 282
4758 465 280
4759 472 279
4760 478 277
4761 483 276
4762 490 274
4763 498 271
4764 504 269
4765 511 267
4766 511 267
4767 505 269
4768 502 270
4769 501 270
4770 500 269
4771 499 267
4772 498 267
4773 497 267
4774 497 267
4775 492 263
4776 485 259
4777 480 254
4778 477 250
4779 473 245
4780 471 240
4781 465 235
4782 460 231
4783 455 226
4784 452 223
4785 447 218
4786 442 212
4787 438 208
4788 433 203
4789 428 200
4790 424 195
4791 419 191
4792 415 186
4793 412 182
4794 407 178
4795 404 174
4796 400 171
4797 395 166
4798 387 159
4799 383 155
4800 379 150
4801 373 147
4802 367 143
4803 362 138
4804 358 134
4805 354 131
4806 350 126
4807 345 122
4808 340 119
4809 336 116
4810 331 112
4811 325 108
4812 321 102
4813 316 98
4814 312 94
4815 307 90
4816 302 86
4817 299 84
4818 301 84
4819 303 87
4820 304 88
4821 304 89
4822 304 90
4823 304 91
4824 304 92
4825 304 94
4826 302 102
4827 302 106
4828 300 115
4829 298 120
4830 296 124
4831 294 130
4832 292 137
4833 291 142
4834 290 148
4835 287 154
4836 286 159
4837 284 165
4838 282 171
4839 280 176
4840 279 183
4841 278 189
4842 275 194
4843 274 199
4844 272 206
4845 270 212
4846 268 218
4847 267 225
4848 266 231
4849 264 236
4850 263 241
4851 261 247
4852 259 254
4853 258 260
4854 256 266
4855 254 272
4856 253 279
4857 251 285
4858 250 291
4859 248 298
4860 246 303
4861 245 311
4862 243 318
4863 242 324
4864 240 329
4865 239 335
4866 237 341
4867 236 348
4868 236 346
4869 237 341
4870 237 340
4871 237 339
4872 239 339
4873 242 339
4874 243 339
4875 244 338
4876 247 336
4877 254 334
4878 263 332
4879 271 330
4880 277 328
4881 285 326
4882 292 325
4883 298 323
4884 306 322
4885 311 320
4886 317 318
4887 323 316
4888 329 315
4889 335 314
4890 345 311
4891 351 310
4892 359 307
4893 365 306
4894 371 304
4895 379 300
4896 384 299
4897 391 298
4898 397 296
4899 404 295
4900 412 293
4901 419 291
4902 426 289
4903 437 286
4904 443 284
4905 449 282
4906 456 280
4907 463 278
4908 470 275
4909 476 274
4910 482 272
4911 487 270
4912 494 267
4913 501 265
4914 508 263
4915 509 263
4916 505 263
4917 501 264
4918 500 264
4919 500 264
4920 499 263
4921 497 263
4922 496 263
4923 494 263
4924 490 260
4925 481 252
4926 477 247
4927 473 242
4928 468 238
4929 463 233
4930 458 228
4931 454 224
4932 449 219
4933 445 216
4934 439 211
4935 434 207
4936 429 203
4937 425 197
4938 419 193
4939 413 187
4940 408 184
4941 404 179
4942 398 173
4943 393 170
4944 388 167
4945 382 163
4946 376 156
4947 372 151
4948 367 148
4949 362 145
4950 357 141
4951 352 136
4952 347 131
4953 342 127
4954 338 124
4955 332 120
4956 327 118
4957 322 115
4958 316 109
4959 311 105
4960 306 101
4961 301 96
4962 296 93
4963 290 88
4964 286 84
4965 287 84
4966 291 87
4967 292 88
4968 292 89
4969 292 91
4970 292 92
4971 292 92
4972 292 93
4973 292 96
4974 292 102
4975 290 108
4976 288 118
4977 286 122
4978 284 127
4979 283 131
4980 282 138
4981 280 143
4982 278 149
4983 276 155
4984 274 161
4985 273 168
4986 272 176
4987 270 182
4988 268 187
4989 266 193
4990 266 199
4991 264 206
4992 262 212
4993 261 219
4994 259 225
4995 258 231
4996 257 237
4997 256 244
4998 254 250
4999 253 256
5000 252 262
5001 250 269
5002 249 275
5003 247 282
5004 246 289
5005 244 297
5006 243 304
5007 242 310
5008 240 317
5009 238 323
5010 237 330
5011 235 337
5012 234 343
5013 233 351
5014 233 348
5015 233 341
5016 234 341
5017 236 341
5018 238 341
5019 240 341
5020 241 339
5021 241 338
5022 246 336
5023 252 334
5024 259 332
5025 265 331
5026 271 329
5027 277 327
5028 285 325
5029 291 323
5030 298 321
5031 304 319
5032 312 317
5033 318 315
5034 323 313
5035 329 311
5036 335 310
5037 345 307
5038 352 305
5039 359 303
5040 365 301
5041 371 299
5042 378 296
5043 385 294
5044 391 292
5045 398 291
5046 405 289
5047 412 287
5048 418 285
5049 423 283
5050 430 281
5051 436 279
5052 443 277
5053 449 275
5054 455 273
5055 463 270
5056 469 268
5057 476 266
5058 481 264
5059 487 262
5060 494 260
5061 501 257
5062 507 255
5063 510 254
5064 507 254
5065 501 256
5066 501 256
5067 500 256
5068 499 255
5069 497 254
5070 497 254
5071 494 254
5072 488 250
5073 481 245
5074 477 240
5075 474 236
5076 470 232
5077 465 226
5078 460 224
5079 455 220
5080 450 214
5081 444 210
5082 437 204
5083 432 200
5084 428 195
5085 423 191
5086 418 187
5087 412 183
5088 407 178
5089 403 175
5090 399 172
5091 395 170
5092 390 165
5093 381 158
5094 376 153
5095 370 147
5096 364 145
5097 359 141
5098 354 137
5099 348 133
5100 343 129
5101 339 125
5102 332 121
5103 327 118
5104 322 115
5105 316 111
5106 310 107
5107 306 102
5108 302 98
5109 295 92
5110 291 89
5111 286 86
5112 286 86
5113 287 87
5114 289 88
5115 289 89
5116 289 91
5117 289 92
5118 290 93
5119 290 94
5120 290 95
5121 290 100
5122 288 108
5123 286 117
5124 286 121
5125 285 126
5126 283 132
5127 282 138
5128 280 143
5129 279 151
5130 278 157
5131 276 165
5132 274 173
5133 273 179
5134 272 186
5135 270 193
5136 269 199
5137 268 205
5138 266 212
5139 265 219
5140 264 225
5141 263 232
5142 262 238
5143 260 244
5144 259 250
5145 258 258
5146 257 264
5147 256 271
5148 254 277
5149 254 284
5150 252 290
5151 252 297
5152 250 304
5153 250 311
5154 248 318
5155 247 325
5156 246 331
5157 245 338
5158 244 345
5159 243 350
5160 243 346
5161 244 341
5162 244 341
5163 245 341
5164 247 341
5165 249 340
5166 250 339
5167 250 338
5168 255 336
5169 262 334
5170 270 331
5171 275 329
5172 282 327
5173 290 324
5174 297 322
5175 304 320
5176 310 317
5177 317 316
5178 323 313
5179 331 311
5180 339 309
5181 348 305
5182 354 303
5183 361 301
5184 368 299
5185 377 296
5186 383 294
5187 391 291
5188 396 289
5189 404 286
5190 411 284
5191 416 282
5192 422 280
5193 430 277
5194 437 275
5195 443 273
5196 449 270
5197 456 268
5198 463 265
5199 471 262
5200 478 259
5201 482 257
5202 488 255
5203 495 252
5204 503 249
5205 510 247
5206 510 247
5207 506 247
5208 502 248
5209 501 248
5210 500 248
5211 498 248
5212 498 248
5213 496 248
5214 494 247
5215 487 243
5216 481 239
5217 477 233
5218 473 228
5219 468 223
5220 460 219
5221 455 214
5222 449 210
5223 444 205
5224 439 202
5225 434 197
5226 428 193
5227 422 188
5228 417 183
5229 411 179
5230 403 173
5231 401 171
5232 397 167
5233 392 164
5234 383 159
5235 374 150
5236 369 147
5237 363 143
5238 358 140
5239 353 135
5240 348 133
5241 343 129
5242 338 125
5243 330 121
5244 327 118
5245 320 115
5246 314 111
5247 308 106
5248 303 102
5249 294 95
5250 290 92
5251 285 89
5252 280 86
5253 281 86
5254 284 88
5255 286 90
5256 286 90
5257 286 91
5258 286 92
5259 286 94
5260 286 96
5261 286 99
5262 285 105
5263 283 112
5264 282 121
5265 280 124
5266 279 129
5267 278 136
5268 276 144
5269 276 149
5270 274 155
5271 272 162
5272 271 169
5273 270 175
5274 269 182
5275 268 188
5276 267 194
5277 266 200
5278 264 207
5279 263 213
5280 262 220
5281 262 227
5282 260 235
5283 259 241
5284 258 247
5285 256 255
5286 256 261
5287 255 267
5288 254 273
5289 252 281
5290 251 288
5291 250 294
5292 249 301
5293 248 309
5294 247 317
5295 246 324
5296 245 331
5297 244 339
5298 244 346
5299 243 352
5300 243 348
5301 243 342
5302 243 341
5303 245 341
5304 246 341
5305 248 341
5306 249 339
5307 249 339
5308 255 337
5309 263 334
5310 269 332
5311 275 330
5312 283 327
5313 290 325
5314 296 323
5315 304 320
5316 310 318
5317 316 316
5318 323 313
5319 329 311
5320 335 310
5321 346 306
5322 352 304
5323 358 301
5324 366 299
5325 372 296
5326 380 293
5327 387 291
5328 393 289
5329 400 286
5330 408 283
5331 414 282
5332 422 279
5333 428 277
5334 434 275
5335 441 271
5336 448 269
5337 455 267
5338 461 264
5339 468 261
5340 475 259
5341 481 256
5342 488 253
5343 495 251
5344 503 247
5345 512 245
5346 510 245
5347 504 247
5348 502 247
5349 502 247
5350 500 246
5351 499 246
5352 497 246
5353 497 246
5354 492 244
5355 486 239
5356 481 235
5357 476 229
5358 472 225
5359 467 222
5360 460 216
5361 455 211
5362 448 207
5363 443 202
5364 437 198
5365 432 194
5366 426 190
5367 420 186
5368 414 182
5369 409 176
5370 404 171
5371 400 169
5372 396 165
5373 386 161
5374 381 155
5375 374 149
5376 369 146
5377 364 143
5378 357 138
5379 352 134
5380 347 130
5381 340 126
5382 335 122
5383 329 118
5384 322 115
5385 316 110
5386 310 105
5387 307 102
5388 301 98
5389 294 94
5390 288 89
5391 284 86
5392 285 87
5393 289 88
5394 290 90
5395 290 90
5396 290 91
5397 290 92
5398 290 94
5399 290 98
5400 289 107
5401 287 112
5402 287 120
5403 286 124
5404 284 129
5405 282 138
5406 281 145
5407 280 152
5408 278 157
5409 277 163
5410 276 171
5411 275 177
5412 274 183
5413 273 191
5414 272 197
5415 269 215
5416 267 222
5417 266 226
5418 266 231
5419 265 236
5420 263 242
5421 263 247
5422 263 251
5423 262 256
5424 262 261
5425 261 267
5426 260 272
5427 259 277
5428 258 283
5429 258 287
5430 257 293
5431 256 298
5432 256 303
5433 255 308
5434 253 319
5435 253 324
5436 252 329
5437 251 335
5438 250 339
5439 250 344
5440 249 350
5441 249 350
5442 249 347
5443 249 342
5444 249 342
5445 250 342
5446 251 342
5447 254 342
5448 255 341
5449 256 339
5450 256 339
5451 258 338
5452 263 335
5453 267 334
5454 273 332
5455 278 330
5456 284 328
5457 292 325
5458 297 323
5459 302 322
5460 311 318
5461 316 317
5462 320 316
5463 325 314
5464 330 312
5465 334 310
5466 340 309
5467 347 305
5468 352 303
5469 358 302
5470 363 300
5471 368 298
5472 373 296
5473 378 294
5474 383 292
5475 388 290
5476 394 288
5477 399 286
5478 405 284
5479 411 283
5480 416 281
5481 420 279
5482 425 277
5483 431 275
5484 435 272
5485 442 270
5486 447 268
5487 451 267
5488 456 265
5489 461 263
5490 465 261
5491 471 259
5492 475 258
5493 480 256
5494 484 254
5495 490 251
5496 495 249
5497 501 247
5498 505 245
5499 510 243
5500 510 243
5501 506 245
5502 502 246
5503 502 246
5504 501 246
5505 500 246
5506 499 245
5507 497 245
5508 496 245
5509 495 245
5510 494 245
5511 490 242
5512 484 238
5513 479 233
5514 477 229
5515 473 226
5516 470 223
5517 467 220
5518 461 217
5519 458 214
5520 454 210
5521 450 207
5522 442 201
5523 437 197
5524 433 193
5525 429 190
5526 425 187
5527 420 184
5528 417 180
5529 413 177
5530 408 171
5531 405 168
5532 403 166
5533 400 165
5534 395 161
5535 389 157
5536 383 153
5537 380 150
5538 375 146
5539 370 144
5540 365 140
5541 360 137
5542 356 133
5543 353 129
5544 345 125
5545 341 122
5546 336 119
5547 332 117
5548 326 114
5549 319 109
5550 315 104
5551 310 100
5552 307 97
5553 300 91
5554 295 89
5555 291 85
5556 291 86
5557 294 89
5558 295 90
5559 295 90
5560 295 91
5561 295 92
5562 295 92
5563 295 92
5564 295 93
5565 295 98
5566 295 105
5567 294 110
5568 294 118
5569 293 121
